s1 0 8 0 0 0 0 0 0 0 0 0 0 0 -5 0 0 0 0 0 0 0 -5 0 0 0 0 0 0 0 0 0 0 0 0 0 0 0 0 0 0 -1 0 0 0 0 1 0 0 3 0
s2 0 0 0 0 0 0 0 0 0 0 0 0 0 0 0 0 5 0 0 0 0 0 0 0 0 0 0 0 0 0 0 0 0 0 0 0 0 0 6 0 0 0 10 1 0 7 0 0 0 1
s3 0 0 0 0 0 0 0 0 0 0 0 0 0 0 0 0 0 7 0 0 0 0 0 0 0 0 0 0 0 0 0 1 5 0 0 0 0 -4 0 -1 0 0 0 0 0 3 0 0 0 0
s4 0 0 0 0 0 0 0 0 0 0 0 1 0 5 0 2 0 0 0 0 0 0 0 0 0 0 0 0 0 0 0 0 0 0 0 0 10 0 0 0 -5 0 0 0 0 4 0 0 0 0
s5 0 0 0 0 0 0 0 0 0 0 0 0 0 0 0 0 0 0 0 0 0 0 0 5 0 0 0 0 0 0 -1 0 0 0 0 -1 0 0 0 -5 5 0 0 0 0 0 0 -1 0 0
s6 0 0 0 0 0 0 0 0 0 0 0 0 0 0 0 0 0 8 0 0 0 0 0 0 -3 0 0 0 -5 0 0 0 0 0 0 0 0 0 0 1 0 0 -2 6 0 0 0 0 0 0
s7 0 0 0 0 0 0 0 7 0 0 0 0 0 0 1 0 0 -5 0 0 0 1 0 0 0 5 0 0 0 0 0 0 0 0 0 0 0 0 0 2 0 0 0 0 0 0 0 0 0 0
s8 0 0 0 0 0 0 0 0 0 0 -4 -5 9 0 0 0 0 0 0 0 0 0 0 0 0 0 0 0 0 0 0 0 0 -2 0 0 -1 2 0 0 0 0 0 0 0 0 0 0 0 0
s9 0 0 0 0 0 0 0 0 0 6 0 0 0 0 0 0 0 0 5 0 0 0 0 0 0 0 -4 0 0 0 0 3 0 0 0 0 0 0 0 0 0 0 0 0 0 1 1 0 0 0
s10 0 0 0 0 0 0 0 0 0 0 0 0 0 0 0 0 0 0 0 3 0 0 0 0 0 5 0 0 0 0 7 -3 0 -5 0 0 0 0 0 0 0 0 0 0 0 5 0 0 0 0
s11 0 0 0 0 0 0 0 0 0 0 0 0 0 7 0 0 0 0 0 0 0 0 0 0 0 3 0 0 0 0 0 0 7 0 0 0 0 0 0 0 0 -5 6 0 0 0 0 0 0 6
s12 0 0 0 0 0 0 0 0 0 0 0 0 0 4 0 0 0 0 0 1 0 0 5 0 0 0 0 0 0 0 0 0 0 0 0 4 0 0 0 0 0 0 0 0 0 7 0 0 0 5
s13 0 0 0 0 0 0 0 0 0 0 0 0 0 0 0 9 0 0 0 0 0 0 0 0 0 0 -2 0 0 0 0 0 0 0 -5 0 0 0 0 7 5 0 0 0 0 0 6 0 0 0
s14 0 0 0 0 0 0 0 0 0 0 0 0 0 0 0 0 0 0 0 0 0 0 0 0 0 0 2 0 8 0 0 1 0 1 0 0 0 0 0 0 0 1 0 0 0 6 0 0 0 0
s15 0 0 0 0 0 0 0 0 0 0 0 0 0 0 0 0 0 -1 0 0 0 -1 0 0 0 0 0 0 1 0 0 0 0 0 0 0 7 0 0 0 0 0 0 0 0 0 3 0 0 6
s16 0 0 0 0 0 0 0 0 0 0 0 0 0 0 0 0 0 0 0 0 0 0 0 0 0 -2 6 0 0 9 0 0 0 0 0 0 0 0 0 0 0 0 0 0 0 -4 5 0 0 2
s17 0 0 0 0 0 0 0 0 0 0 0 0 0 0 0 0 0 0 0 0 0 0 0 0 0 5 1 0 0 0 3 0 6 2 0 0 0 8 0 0 0 0 0 0 0 0 0 0 0 0
s18 0 0 0 0 0 0 0 0 0 0 0 0 0 0 0 0 0 0 0 0 10 0 0 0 0 0 0 0 0 0 0 0 0 7 0 -4 0 0 0 0 0 3 0 0 0 -4 0 0 0 10
s19 0 0 0 0 0 0 0 0 0 0 0 0 0 0 0 0 0 0 0 0 0 0 0 0 0 0 0 0 0 0 0 0 0 0 0 7 0 9 0 0 0 0 6 1 0 -3 0 2 0 0
s20 0 0 0 0 0 0 0 0 0 0 0 0 0 0 0 0 0 0 0 0 0 9 0 0 0 0 0 0 0 0 0 0 7 1 0 0 0 0 0 0 0 0 9 -4 0 0 0 0 0 1
s21 0 0 0 0 0 0 0 0 0 0 0 0 0 0 0 0 0 0 0 0 0 0 2 0 0 -4 0 0 0 0 0 0 0 8 0 0 0 0 0 0 0 0 0 9 0 8 4 0 0 0
s22 0 0 0 0 0 0 0 0 0 0 0 0 0 0 0 0 0 0 0 0 0 0 0 0 5 0 5 0 9 0 0 0 2 0 0 0 0 0 0 0 -1 0 0 7 0 0 0 0 0 0
s23 0 0 0 0 0 0 0 0 0 0 0 0 0 0 0 0 0 0 0 0 0 0 0 0 0 0 0 0 -2 0 0 0 0 0 8 -1 0 0 7 0 -2 0 0 2 0 0 0 0 0 0
s24 0 0 0 0 0 0 0 0 0 0 0 0 0 0 0 0 0 0 0 0 0 0 0 0 0 0 0 -5 0 0 -2 0 0 -3 0 0 -2 0 0 0 0 0 0 4 0 0 0 0 6 0
s25 0 0 0 0 0 0 0 0 0 0 0 0 0 0 0 0 0 0 0 0 0 0 0 0 0 0 1 0 0 0 0 0 0 0 -5 0 9 0 6 0 0 0 0 0 0 5 0 0 5 0
s26 0 0 0 0 0 0 0 0 0 0 0 0 0 0 0 0 0 0 0 0 0 0 0 0 0 0 5 10 0 0 0 0 0 4 0 0 10 0 0 0 0 0 0 -1 0 9 0 0 0 0
s27 0 0 0 0 0 0 0 0 0 0 0 0 0 0 0 0 0 0 0 0 0 0 0 0 0 0 0 0 0 -2 0 0 0 5 0 0 5 5 0 0 0 10 7 0 0 0 0 0 0 0
s28 0 0 0 0 0 0 0 0 0 0 0 0 0 0 0 0 0 0 0 0 0 0 0 0 0 0 0 0 0 0 2 0 6 0 8 0 0 0 0 0 3 3 5 0 0 0 0 0 0 0
s29 0 0 0 0 0 0 0 0 0 0 0 0 0 0 0 0 0 0 0 0 0 0 0 0 0 0 0 0 0 0 0 0 0 0 0 0 0 0 0 -2 0 6 0 -4 0 0 7 5 0 1
s30 0 0 0 0 0 0 0 0 0 0 0 0 0 0 0 0 0 0 0 0 0 0 0 0 0 0 0 0 0 0 4 -2 0 0 4 0 0 0 0 -5 0 0 0 0 6 0 3 0 0 0
s31 0 0 0 0 0 0 0 0 0 0 0 0 0 0 0 0 0 0 0 0 0 0 0 0 0 0 0 0 0 0 0 5 0 0 1 0 -4 0 0 0 0 0 -3 0 0 -3 0 0 2 0
s32 0 0 0 0 0 0 0 0 0 0 0 0 0 0 0 0 0 0 0 0 0 0 0 0 0 0 0 0 0 0 0 0 0 0 0 0 0 -4 1 10 2 0 0 -5 0 0 0 0 0 9
s33 0 0 0 0 0 0 0 0 0 0 0 0 0 0 0 0 0 0 0 0 0 0 0 0 0 0 0 0 0 0 0 0 0 0 0 2 -3 0 1 0 0 1 0 0 4 0 0 0 0 5
s34 0 0 0 0 0 0 0 0 0 0 0 0 0 0 0 0 0 0 0 0 0 0 0 0 0 0 0 0 0 0 0 0 0 0 -4 -2 0 0 2 5 0 -3 3 0 0 0 0 0 0 0
s35 0 0 0 0 0 0 0 0 0 0 0 0 0 0 0 0 0 0 0 0 0 0 0 0 0 0 0 0 0 0 0 0 0 0 0 7 -5 0 0 4 0 0 0 0 0 0 -5 5 0 2
s36 0 0 0 0 0 0 0 0 0 0 0 0 0 0 0 0 0 0 0 0 0 0 0 0 0 0 0 0 0 0 0 0 0 0 0 0 4 5 0 3 0 0 1 0 0 0 0 9 0 7
s37 0 0 0 0 0 0 0 0 0 0 0 0 0 0 0 0 0 0 0 0 0 0 0 0 0 0 0 0 0 0 0 0 0 0 0 0 0 4 0 -3 2 0 0 -2 0 0 5 -5 0 0
s38 0 0 0 0 0 0 0 0 0 0 0 0 0 0 0 0 0 0 0 0 0 0 0 0 0 0 0 0 0 0 0 0 0 0 0 0 0 0 0 0 0 -5 -5 -5 4 0 0 2 0 -4
s39 0 0 0 0 0 0 0 0 0 0 0 0 0 0 0 0 0 0 0 0 0 0 0 0 0 0 0 0 0 0 0 0 0 0 0 0 0 0 0 0 0 3 0 0 0 1 1 -1 1 3
s40 0 0 0 0 0 0 0 0 0 0 0 0 0 0 0 0 0 0 0 0 0 0 0 0 0 0 0 0 0 0 0 0 0 0 0 0 0 0 0 0 -4 -1 4 0 -3 1 0 0 3 0
s41 0 0 0 0 0 0 0 0 0 0 0 0 0 0 0 0 0 0 0 0 0 0 0 0 0 0 0 0 0 0 0 0 0 0 0 0 0 0 0 0 0 9 1 0 -5 -2 0 -1 4 0
s42 0 0 0 0 0 0 0 0 0 0 0 0 0 0 0 0 0 0 0 0 0 0 0 0 0 0 0 0 0 0 0 0 0 0 0 0 0 0 0 0 0 0 -1 4 -2 0 3 -5 5 0
s43 0 0 0 0 0 0 0 0 0 0 0 0 0 0 0 0 0 0 0 0 0 0 0 0 0 0 0 0 0 0 0 0 0 0 0 0 0 0 0 0 0 0 0 -3 -1 5 1 8 -1 0
s44 0 0 0 0 0 0 0 0 0 0 0 0 0 0 0 0 0 0 0 0 0 0 0 0 0 0 0 0 0 0 0 0 0 0 0 0 0 0 0 0 0 0 0 0 -5 -5 8 -5 10 -1
s45 0 0 0 0 0 0 0 0 0 0 0 0 0 0 0 0 0 0 0 0 0 0 0 0 0 0 0 0 0 0 0 0 0 0 0 0 0 0 0 0 0 0 0 0 0 -4 1 8 -1 7
s46 0 0 0 0 0 0 0 0 0 0 0 0 0 0 0 0 0 0 0 0 0 0 0 0 0 0 0 0 0 0 0 0 0 0 0 0 0 0 0 0 0 0 0 0 0 0 9 -5 5 1
s47 0 0 0 0 0 0 0 0 0 0 0 0 0 0 0 0 0 0 0 0 0 0 0 0 0 0 0 0 0 0 0 0 0 0 0 0 0 0 0 0 0 0 0 0 0 0 0 8 7 -2
s48 0 0 0 0 0 0 0 0 0 0 0 0 0 0 0 0 0 0 0 0 0 0 0 0 0 0 0 0 0 0 0 0 0 0 0 0 0 0 0 0 0 0 0 0 0 0 0 0 9 4
s49 0 0 0 0 0 0 0 0 0 0 0 0 0 0 0 0 0 0 0 0 0 0 0 0 0 0 0 0 0 0 0 0 0 0 0 0 0 0 0 0 0 0 0 0 0 0 0 0 0 9
s50 0 0 0 0 0 0 0 0 0 0 0 0 0 0 0 0 0 0 0 0 0 0 0 0 0 0 0 0 0 0 0 0 0 0 0 0 0 0 0 0 0 0 0 0 0 0 0 0 0 0